0		243,343,234,366,325
1		376,111,72
2		91,115,202,385,394
3		214,366
4		153,15,21,25,47,240,362
5		6,84,101,365
6		249,288
7		21,162,397
8		164,361
9		1,192,221
10		144,27,289
11		222,395
12		151,200,261
14		25,225,361,384
15		102,80,197,340
16		35,379,392
17		44,58,90,195,247,253,269
18		243,146,213,287
19		217,373,155,56
20		322,133,300,362,389
21		46,131,362,394
22		3,11,334,389
23		174,195,312,383
24		68,201,221,227,333
25		293,30,84,204
26		221,290,102
27		75,279
28		222,26,120,363
29		34,44,61,144,368
30		84,121,288,333
31		309,388,399
32		71,250,292,340,371
33		152,273
34		63,172,310,358,360,395
35		107,69,150,163,211,232,295
37		91,117,179,289,322
38		223
39		44,269,293,356
40		204,220,314
41		196,337
42		116,145,214,361,389
43		45,11,394
44		163,342,107
45		27,45,219,222,331
46		399,92,99,353,369,372
47		61,271,377,391
48		27,62,94,117,221,256,341,368
49		8,270
50		238,152,68,248,365
51		86,237,238,270,364,374
52		16,12,77,118,134,152,376
53		46,107,181,291
54		24,134,242
55		396,125,308
56		7,20,321
57		6,30,204
58		22,38,57
59		211,273,347,379
60		10,96,171,173,280
61		5,274
62		16
63		107,300,394
64		80,249,277
65		71,30,87,244,254,346,375
66		178,77,298,361,26
67		17,49,174,233
68		367,22,75,271,337
69		115,170,308,309,336,359
70		98,155,223,319
71		32,221,246
72		187,36,116,193,242,249,329,363
73		210,65,265,381,387
74		4,283,305,314,329
75		316,239
76		16,67
77		166,177,216,275,355
79		10,202,223,279
80		256
81		136,141,340,343,104,344
82		165,223,238,336
83		224,311
84		6,323,383,394
85		5,23,79,149,357
86		131,206,271
87		243,47,52,99,241,380
88		37,157,229,264,343,391
89		27,101,128,137,142,146,332
90		57,106,229,281,301,328
91		20,78,110,116,119,173,193,349
92		29,4,116,120,141,142
93		352,60
94		65,80,153,339
95		99,187,242
96		345,376
97		291
98		171,119,196,204,304,326
99		114,143,185,276,357
100		169,316,342
101		343,69,177,369
102		78,132,153,245,268,42,300,395
103		374,99,112,154,191,281
104		87,268
105		16,46,135
106		249,258
107		178,389
108		263,269,363
109		20,24,53,204,318,364
110		379,149,219
111		6,147,216,251,301
112		273,80,148,205
113		9,12,22,256,383
114		163,244,361
115		110,128,184
116		48,3,19
117		158,181,192,274,332,35
118		309
119		215,6,54,109,126,130,229,253,354
120		123,179,207,312
121		3,31,167,353
122		260,383,339,332,133
123		158,333,204
124		321,61,96,119,359
125		51,108,270
126		78,151
127		210,63,219,338,376
128		111,320
129		31,114,133,269,322
130		54,149,178,274
132		43,63,347,352
133		80,42,259
134		167,173,366
135		238,284,367,394,399
136		262,198,337
137		9,45,190,230,389
138		13,21,111,272,323,333
139		331,73,333
140		191,124,181,219,310,377
141		23,35,120,233,244
142		162,44,62,286,311,320,353,377
143		15,75,288
144		84,180,192,230,277
145		326,109,150
146		391
147		50,84,120
148		125,163,231,383
149		237,21,54,104,174,211,225,342
150		52,243
151		115,164
152		20,195,232,238,252,264,306,329
153		247,66,380
154		63,8,107,200,293,387
155		74,66,76,175,322,362,391,399
156		36,111
157		163
158		67,137,272,388
159		236,184,337
160		68,98,132,247,375
161		102,365
162		27,206,3
163		51,73,125,169
164		106,167,282,347,360
165		180,41,157,248,262
166		109,169
167		300,315,319,324,387
168		83,154,304,346
169		238,312,383
170		72,117,178,79,247,384
171		201,234,283,314
172		288,3,110,162,366,369
173		378
174		129
175		219,307
176		15,87,104,110,117,190,287
177		96,11,166,307
178		70,166,175,118
179		126,196
180		237,21,68,86,168,185,236,297,325,347
181		23,94,100
182		70,361
183		290
184		28,91,278
185		70,67,308
186		69,23,22,215,251,399
187		138,226,280,286,377
188		370,261,274
189		218,14,375
190		1,221
191		305,249,317
192		41,155,283,356,364
193		181,3,124,233,299
194		200,344,191
195		227,315,364
196		120,160,234,294
197		253,26,62,141,277
198		51,97,139,332
199		9,142
200		96,172,206,229,332,344
201		220,106,351
202		132,9,117
203		21,97,100,272
204		100,122,239,372
205		284,121,273,318
206		88,218
207		82,256,270,287,353
208		376
209		70,110,292,332
210		167,37,46,234,239,379
211		55,111,171,261,357,390
212		37,73,91,196,264,389
213		19,50,276
214		235,359,391
215		60,66,146,323
216		178,297,396
217		296
218		380,37,212
219		266,338,361
220		0,145,187
221		270,356
222		103,53,94,160,217,341,393
223		93,189,386
224		90,143,231,280
225		68,276
226		344,7,184,367
227		209,80,97
228		242,145,152,212,229,248,300,357
229		107,126,279
230		19,101,222,393
231		5,59,71,180,190,293,345,356
232		42,53
233		93,120,274,289,327,348,378
234		78
235		97,194,225,391
236		109,79,131
237		158,281,365
238		208,355
239		25,63,114,377
240		79,205,284,341,346,391
241		105,157,369
242		30,45,228
243		41,56,83,152,255,324,349
244		133,261,265,289,358
245		183,282
246		133
247		120,132
248		140,155,215,256,270
249		218,247
